x = 100.000000
y = 90.000000
