a = 4.000000
x = 1.000000
y = 2.000000
z = 3.000000
